1 1 1 2 
1 8 1 17 
2 1 2 2 
2 8 2 17 
3 1 3 2 
3 8 3 17 
4 1 4 2 
4 8 4 17 
5 1 5 2 
5 8 5 17 
6 1 6 2 
6 8 6 18 
7 1 7 3 
7 8 7 18 
8 1 8 5 
8 7 8 19 
9 1 9 19 
10 1 10 20 
11 1 11 20 
12 1 12 21 
13 1 13 21 
14 1 14 22 
15 1 15 22 
16 1 16 23 
17 1 17 23 
18 1 18 24 
19 1 19 24 
20 1 20 25 
21 1 21 25 
22 1 22 26 
23 1 23 26 
24 1 24 27 
25 1 25 27 
26 1 26 28 
27 1 27 29 
28 1 28 29 
29 1 29 29 
30 1 30 30 
31 1 31 30 
32 1 32 31 
33 1 33 31 
34 1 34 32 
35 1 35 32 
36 1 36 33 
37 1 37 33 
38 1 38 34 
39 1 39 34 
40 1 40 35 
41 1 41 35 
42 1 42 35 
43 1 43 36 
44 1 44 36 
45 1 45 37 
46 1 46 37 
47 1 47 38 
48 1 48 39 
49 1 49 39 
50 1 50 40 
51 1 51 41 
52 1 52 41 
53 1 53 42 
53 63 53 65 
54 1 54 43 
54 59 54 67 
55 1 55 43 
55 58 55 69 
55 71 55 74 
56 1 56 43 
56 57 56 76 
57 1 57 44 
57 57 57 80 
57 83 57 84 
58 1 58 44 
58 56 58 91 
59 1 59 44 
59 55 59 92 
60 1 60 45 
60 55 60 95 
61 1 61 45 
61 55 61 99 
61 102 61 104 
62 1 62 46 
62 54 62 105 
63 1 63 46 
63 54 63 108 
64 1 64 47 
64 54 64 113 
65 1 65 48 
65 54 65 120 
66 1 66 49 
66 54 66 123 
67 1 67 49 
67 54 67 126 
68 1 68 50 
68 54 68 128 
69 1 69 50 
69 54 69 129 
70 1 70 2 
70 4 70 51 
70 54 70 134 
71 1 71 52 
71 54 71 135 
72 5 72 137 
73 6 73 138 
74 7 74 139 
75 7 75 139 
76 8 76 140 
77 9 77 140 
78 9 78 141 
79 9 79 141 
80 10 80 142 
81 10 81 143 
82 11 82 143 
83 12 83 144 
84 12 84 144 
85 13 85 145 
86 14 86 146 
87 15 87 146 
88 15 88 146 
89 15 89 146 
90 16 90 146 
91 16 91 146 
92 16 92 146 
93 17 93 146 
94 18 94 146 
95 19 95 147 
95 173 95 186 
96 20 96 147 
96 167 96 193 
97 20 97 147 
97 161 97 200 
98 21 98 24 
98 27 98 147 
98 156 98 203 
99 22 99 24 
99 27 99 147 
99 153 99 205 
100 23 100 148 
100 151 100 207 
101 29 101 208 
102 30 102 210 
103 31 103 211 
104 32 104 213 
105 32 105 215 
106 33 106 216 
107 34 107 217 
108 34 108 218 
109 35 109 219 
110 35 110 220 
111 36 111 221 
112 37 112 222 
113 37 113 223 
114 38 114 224 
115 39 115 225 
116 39 116 226 
117 40 117 227 
118 41 118 228 
119 41 119 229 
120 41 120 230 
121 42 121 231 
122 42 122 231 
123 43 123 232 
124 43 124 233 
125 43 125 233 
126 44 126 234 
127 45 127 236 
128 46 128 237 
129 46 129 113 
129 116 129 238 
130 47 130 111 
130 117 130 238 
131 47 131 109 
131 117 131 239 
132 48 132 109 
132 117 132 239 
133 48 133 107 
133 117 133 239 
134 48 134 107 
134 116 134 239 
135 49 135 107 
135 116 135 240 
136 49 136 106 
136 116 136 240 
137 50 137 106 
137 116 137 241 
138 50 138 101 
138 116 138 241 
139 51 139 99 
139 101 139 242 
140 51 140 96 
140 115 140 242 
141 51 141 96 
141 115 141 242 
142 51 142 95 
142 115 142 242 
143 51 143 94 
143 115 143 243 
144 51 144 93 
144 115 144 243 
145 51 145 93 
145 115 145 243 
146 51 146 92 
146 115 146 244 
147 51 147 92 
147 114 147 244 
148 52 148 92 
148 114 148 245 
149 52 149 90 
149 114 149 245 
150 52 150 87 
150 114 150 245 
151 52 151 86 
151 114 151 245 
152 52 152 86 
152 113 152 245 
153 52 153 86 
153 113 153 245 
154 52 154 85 
154 113 154 245 
155 52 155 66 
155 70 155 75 
155 81 155 85 
155 113 155 246 
156 52 156 65 
156 81 156 84 
156 113 156 230 
156 233 156 246 
157 52 157 55 
157 60 157 65 
157 81 157 84 
157 113 157 229 
157 234 157 246 
158 52 158 55 
158 61 158 65 
158 81 158 84 
158 112 158 229 
158 235 158 246 
159 52 159 54 
159 81 159 84 
159 112 159 228 
159 238 159 246 
160 52 160 54 
160 81 160 84 
160 112 160 228 
160 238 160 246 
161 52 161 54 
161 83 161 84 
161 112 161 228 
161 239 161 246 
162 52 162 53 
162 112 162 227 
162 239 162 246 
163 52 163 53 
163 112 163 212 
163 219 163 223 
163 239 163 246 
164 52 164 53 
164 112 164 191 
164 197 164 209 
164 239 164 246 
165 52 165 53 
165 111 165 189 
165 201 165 206 
165 239 165 246 
166 52 166 53 
166 111 166 188 
166 239 166 246 
167 52 167 53 
167 111 167 186 
167 239 167 246 
168 52 168 53 
168 111 168 180 
168 239 168 246 
169 52 169 178 
169 239 169 246 
170 52 170 173 
170 239 170 246 
171 52 171 164 
171 169 171 170 
171 240 171 245 
172 52 172 163 
172 240 172 245 
173 52 173 161 
173 240 173 245 
174 51 174 52 
174 110 174 160 
174 241 174 245 
175 51 175 52 
175 110 175 159 
175 241 175 245 
176 51 176 158 
176 241 176 245 
177 51 177 154 
177 242 177 245 
178 110 178 153 
178 242 178 245 
179 110 179 152 
179 243 179 245 
180 110 180 152 
180 244 180 245 
181 110 181 152 
182 110 182 152 
183 109 183 152 
184 109 184 152 
184 158 184 160 
185 109 185 152 
185 157 185 160 
186 109 186 152 
186 155 186 160 
187 109 187 160 
188 109 188 160 
189 109 189 160 
190 109 190 160 
191 109 191 160 
191 258 191 259 
192 50 192 160 
192 257 192 262 
193 50 193 160 
193 257 193 265 
194 50 194 160 
194 256 194 269 
195 50 195 160 
195 256 195 272 
196 50 196 160 
196 256 196 275 
197 50 197 160 
197 256 197 279 
198 108 198 160 
198 256 198 282 
199 108 199 160 
199 256 199 284 
200 108 200 160 
200 256 200 288 
201 108 201 160 
201 256 201 292 
202 108 202 159 
202 256 202 295 
203 49 203 159 
203 256 203 299 
204 49 204 158 
204 256 204 302 
205 49 205 157 
205 256 205 304 
206 49 206 75 
206 78 206 157 
206 256 206 308 
207 48 207 49 
207 58 207 93 
207 106 207 156 
207 256 207 311 
208 48 208 50 
208 55 208 155 
208 256 208 316 
209 48 209 154 
209 256 209 319 
210 47 210 152 
210 256 210 322 
211 47 211 151 
211 256 211 325 
212 47 212 150 
212 256 212 329 
213 47 213 150 
213 256 213 332 
214 47 214 150 
214 256 214 335 
215 47 215 150 
215 256 215 338 
216 47 216 150 
216 257 216 342 
217 47 217 150 
217 258 217 346 
218 47 218 152 
218 260 218 349 
219 47 219 154 
219 264 219 352 
220 47 220 155 
220 268 220 355 
221 47 221 155 
221 272 221 359 
222 47 222 156 
222 275 222 363 
223 47 223 157 
223 279 223 366 
224 47 224 158 
224 282 224 368 
225 47 225 159 
225 286 225 372 
226 47 226 160 
226 290 226 376 
227 47 227 162 
227 294 227 379 
228 47 228 163 
228 297 228 382 
229 47 229 164 
229 300 229 386 
230 47 230 166 
230 304 230 390 
231 47 231 167 
231 308 231 394 
232 47 232 168 
232 188 232 202 
232 311 232 397 
233 47 233 168 
233 182 233 213 
233 315 233 400 
234 47 234 170 
234 181 234 216 
234 318 234 403 
235 47 235 170 
235 180 235 218 
235 321 235 406 
236 47 236 171 
236 179 236 219 
236 323 236 410 
237 47 237 173 
237 178 237 221 
237 323 237 415 
238 48 238 222 
238 324 238 418 
239 48 239 223 
239 324 239 421 
240 48 240 224 
240 324 240 337 
240 340 240 423 
241 48 241 225 
241 324 241 337 
241 344 241 427 
242 48 242 225 
242 324 242 336 
242 348 242 430 
243 48 243 226 
243 324 243 336 
243 352 243 433 
244 48 244 227 
244 324 244 336 
244 356 244 437 
245 48 245 227 
245 324 245 336 
245 359 245 440 
246 48 246 227 
246 324 246 336 
246 363 246 444 
247 48 247 227 
247 324 247 336 
247 366 247 449 
248 48 248 227 
248 325 248 336 
248 370 248 452 
249 48 249 227 
249 325 249 336 
249 374 249 456 
250 48 250 227 
250 325 250 336 
250 377 250 459 
251 48 251 227 
251 325 251 336 
251 380 251 462 
252 48 252 227 
252 325 252 336 
252 384 252 465 
253 48 253 227 
253 325 253 336 
253 388 253 468 
254 48 254 227 
254 325 254 336 
254 391 254 471 
255 48 255 227 
255 325 255 336 
255 393 255 475 
256 48 256 227 
256 325 256 337 
256 395 256 477 
257 48 257 100 
257 103 257 227 
257 325 257 337 
257 396 257 480 
258 48 258 100 
258 103 258 227 
258 325 258 337 
258 397 258 484 
259 48 259 227 
259 325 259 337 
259 397 259 489 
260 48 260 227 
260 325 260 337 
260 397 260 409 
260 413 260 492 
261 48 261 227 
261 325 261 337 
261 397 261 408 
261 416 261 496 
262 48 262 227 
262 325 262 337 
262 397 262 408 
262 420 262 499 
297 59 297 60 
297 68 297 79 
297 90 297 97 
297 103 297 168 
297 193 297 203 
297 327 297 337 
297 400 297 408 
297 456 297 465 
298 69 298 78 
298 90 298 97 
298 103 298 168 
298 194 298 202 
298 327 298 337 
298 400 298 408 
298 456 298 465 
299 69 299 78 
299 90 299 97 
299 103 299 168 
299 195 299 202 
299 327 299 337 
299 400 299 408 
299 456 299 465 
300 70 300 78 
300 90 300 97 
300 103 300 168 
300 196 300 201 
300 327 300 337 
300 400 300 408 
300 456 300 465 
301 66 301 77 
301 90 301 97 
301 104 301 168 
301 197 301 201 
301 327 301 337 
301 401 301 409 
301 457 301 465 
302 66 302 77 
302 90 302 97 
302 104 302 168 
302 327 302 337 
302 401 302 409 
302 457 302 465 
303 64 303 77 
303 90 303 97 
303 104 303 168 
303 327 303 337 
303 401 303 409 
303 457 303 465 
304 65 304 77 
304 90 304 97 
304 104 304 167 
304 327 304 337 
304 401 304 409 
304 457 304 465 
305 66 305 70 
305 72 305 77 
305 90 305 97 
305 104 305 167 
305 327 305 337 
305 401 305 409 
305 457 305 465 
306 66 306 70 
306 75 306 76 
306 90 306 97 
306 105 306 167 
306 327 306 337 
306 401 306 409 
306 457 306 465 
307 66 307 70 
307 75 307 76 
307 90 307 97 
307 105 307 167 
307 327 307 338 
307 401 307 409 
307 457 307 466 
308 66 308 68 
308 75 308 76 
308 90 308 97 
308 105 308 167 
308 327 308 338 
308 401 308 409 
308 457 308 466 
309 66 309 68 
309 75 309 76 
309 90 309 97 
309 105 309 167 
309 327 309 338 
309 401 309 410 
309 457 309 466 
310 66 310 68 
310 75 310 76 
310 90 310 97 
310 106 310 167 
310 243 310 338 
310 401 310 410 
310 457 310 466 
311 66 311 68 
311 76 311 97 
311 106 311 167 
311 243 311 245 
311 328 311 338 
311 401 311 410 
311 457 311 466 
312 66 312 68 
312 76 312 97 
312 107 312 167 
312 242 312 245 
312 328 312 338 
312 401 312 410 
312 457 312 466 
313 66 313 68 
313 76 313 97 
313 107 313 167 
313 242 313 245 
313 328 313 338 
313 401 313 410 
313 458 313 466 
314 66 314 68 
314 90 314 97 
314 108 314 167 
314 242 314 245 
314 328 314 338 
314 401 314 410 
314 458 314 466 
315 66 315 68 
315 90 315 97 
315 108 315 167 
315 242 315 245 
315 328 315 338 
315 402 315 410 
315 458 315 466 
316 66 316 67 
316 90 316 97 
316 109 316 166 
316 241 316 245 
316 328 316 338 
316 402 316 410 
316 458 316 466 
317 66 317 67 
317 90 317 97 
317 109 317 166 
317 241 317 245 
317 328 317 338 
317 402 317 410 
317 458 317 466 
318 90 318 97 
318 111 318 166 
318 192 318 195 
318 241 318 245 
318 328 318 338 
318 402 318 410 
318 458 318 466 
319 90 319 97 
319 112 319 166 
319 192 319 197 
319 241 319 245 
319 328 319 338 
319 402 319 410 
319 458 319 466 
320 90 320 97 
320 115 320 166 
320 192 320 198 
320 241 320 245 
320 328 320 338 
320 402 320 410 
320 458 320 466 
321 90 321 97 
321 115 321 166 
321 192 321 198 
321 241 321 245 
321 328 321 338 
321 402 321 410 
321 458 321 466 
322 90 322 97 
322 116 322 166 
322 191 322 198 
322 241 322 245 
322 328 322 338 
322 402 322 410 
322 459 322 466 
323 90 323 97 
323 116 323 166 
323 191 323 199 
323 241 323 243 
323 328 323 338 
323 402 323 410 
323 459 323 466 
324 75 324 98 
324 116 324 166 
324 191 324 200 
324 242 324 338 
324 403 324 411 
324 459 324 466 
325 75 325 102 
325 116 325 167 
325 191 325 201 
325 328 325 338 
325 403 325 411 
325 459 325 466 
326 90 326 105 
326 116 326 169 
326 191 326 201 
326 328 326 338 
326 403 326 411 
326 459 326 466 
327 90 327 106 
327 116 327 170 
327 191 327 202 
327 328 327 338 
327 403 327 411 
327 459 327 466 
328 90 328 106 
328 116 328 171 
328 191 328 202 
328 328 328 338 
328 403 328 411 
328 459 328 467 
329 90 329 106 
329 116 329 172 
329 191 329 202 
329 328 329 338 
329 403 329 411 
329 459 329 467 
330 89 330 107 
330 116 330 175 
330 177 330 182 
330 191 330 203 
330 328 330 338 
330 403 330 411 
330 460 330 467 
331 88 331 110 
331 116 331 185 
331 191 331 203 
331 328 331 338 
331 403 331 411 
331 460 331 467 
332 87 332 111 
332 115 332 186 
332 190 332 203 
332 328 332 338 
332 403 332 411 
332 460 332 467 
333 87 333 111 
333 115 333 186 
333 190 333 203 
333 329 333 337 
333 403 333 411 
333 460 333 467 
334 75 334 78 
334 87 334 187 
334 190 334 203 
334 329 334 337 
334 403 334 411 
334 460 334 467 
335 74 335 81 
335 87 335 187 
335 190 335 203 
335 329 335 337 
335 403 335 411 
335 460 335 467 
336 74 336 81 
336 87 336 187 
336 190 336 203 
336 329 336 337 
336 404 336 411 
336 460 336 467 
337 72 337 83 
337 87 337 187 
337 190 337 203 
337 329 337 337 
337 404 337 411 
337 460 337 467 
338 72 338 84 
338 87 338 95 
338 97 338 187 
338 190 338 203 
338 329 338 336 
338 404 338 411 
338 461 338 467 
339 72 339 94 
339 98 339 187 
339 190 339 203 
339 247 339 248 
339 329 339 336 
339 404 339 411 
339 461 339 467 
340 72 340 94 
340 97 340 187 
340 191 340 203 
340 246 340 249 
340 329 340 336 
340 338 340 411 
340 461 340 467 
341 72 341 94 
341 97 341 187 
341 191 341 203 
341 246 341 249 
341 329 341 336 
341 338 341 411 
341 461 341 467 
342 72 342 187 
342 191 342 203 
342 245 342 249 
342 329 342 336 
342 338 342 411 
342 461 342 467 
343 72 343 187 
343 191 343 203 
343 238 343 249 
343 329 343 336 
343 338 343 411 
343 461 343 467 
344 72 344 187 
344 191 344 202 
344 238 344 239 
344 244 344 249 
344 329 344 338 
344 404 344 411 
344 461 344 467 
345 72 345 187 
345 192 345 202 
345 237 345 239 
345 243 345 249 
345 329 345 338 
345 404 345 411 
345 461 345 468 
346 59 346 188 
346 192 346 202 
346 236 346 239 
346 242 346 249 
346 329 346 338 
346 404 346 411 
346 462 346 468 
347 51 347 52 
347 58 347 60 
347 72 347 189 
347 192 347 202 
347 236 347 239 
347 242 347 249 
347 269 347 338 
347 404 347 411 
347 462 347 468 
348 49 348 60 
348 71 348 202 
348 236 348 249 
348 268 348 271 
348 329 348 338 
348 404 348 411 
348 462 348 468 
349 48 349 61 
349 71 349 201 
349 235 349 249 
349 268 349 271 
349 329 349 338 
349 404 349 412 
349 462 349 468 
350 47 350 61 
350 71 350 201 
350 235 350 249 
350 267 350 271 
350 329 350 339 
350 404 350 412 
350 462 350 468 
351 47 351 62 
351 70 351 201 
351 234 351 249 
351 267 351 271 
351 329 351 339 
351 404 351 412 
351 462 351 468 
352 46 352 62 
352 70 352 202 
352 234 352 249 
352 266 352 271 
352 329 352 339 
352 404 352 412 
352 462 352 468 
353 46 353 62 
353 69 353 202 
353 234 353 249 
353 265 353 271 
353 329 353 339 
353 405 353 412 
353 462 353 468 
354 40 354 41 
354 45 354 62 
354 69 354 202 
354 233 354 249 
354 264 354 271 
354 330 354 339 
354 405 354 412 
354 462 354 468 
355 38 355 42 
355 45 355 63 
355 68 355 203 
355 233 355 249 
355 263 355 271 
355 330 355 339 
355 405 355 412 
355 463 355 468 
356 38 356 64 
356 67 356 204 
356 233 356 249 
356 263 356 271 
356 330 356 339 
356 405 356 412 
356 463 356 468 
357 38 357 205 
357 232 357 248 
357 262 357 271 
357 279 357 339 
357 405 357 412 
357 463 357 468 
358 29 358 31 
358 37 358 205 
358 232 358 248 
358 261 358 271 
358 279 358 339 
358 405 358 412 
358 463 358 468 
359 27 359 35 
359 37 359 205 
359 232 359 248 
359 261 359 271 
359 330 359 339 
359 405 359 412 
359 463 359 468 
360 27 360 206 
360 231 360 248 
360 260 360 271 
360 330 360 339 
360 405 360 412 
360 463 360 468 
361 27 361 206 
361 231 361 247 
361 260 361 271 
361 330 361 339 
361 405 361 412 
361 463 361 468 
362 27 362 206 
362 230 362 247 
362 260 362 271 
362 330 362 339 
362 405 362 412 
362 463 362 468 
363 27 363 206 
363 230 363 247 
363 259 363 271 
363 330 363 339 
363 405 363 412 
363 463 363 468 
364 26 364 207 
364 230 364 247 
364 259 364 271 
364 330 364 339 
364 405 364 412 
364 463 364 468 
365 26 365 207 
365 229 365 247 
365 258 365 270 
365 277 365 339 
365 406 365 412 
365 464 365 469 
366 25 366 207 
366 229 366 247 
366 258 366 270 
366 276 366 277 
366 330 366 339 
366 406 366 413 
366 464 366 469 
367 25 367 208 
367 228 367 247 
367 258 367 270 
367 275 367 277 
367 330 367 339 
367 406 367 413 
367 464 367 469 
368 18 368 208 
368 227 368 247 
368 257 368 270 
368 275 368 277 
368 330 368 339 
368 406 368 413 
368 464 368 469 
369 18 369 208 
369 226 369 247 
369 257 369 270 
369 275 369 277 
369 330 369 339 
369 406 369 413 
369 464 369 469 
370 17 370 208 
370 226 370 247 
370 257 370 270 
370 274 370 277 
370 330 370 340 
370 406 370 413 
370 464 370 469 
371 14 371 209 
371 225 371 247 
371 257 371 270 
371 274 371 277 
371 330 371 340 
371 406 371 413 
371 464 371 469 
372 13 372 209 
372 224 372 247 
372 256 372 269 
372 274 372 277 
372 330 372 340 
372 406 372 413 
372 464 372 469 
373 13 373 209 
373 222 373 247 
373 256 373 269 
373 274 373 277 
373 330 373 340 
373 406 373 413 
373 464 373 469 
374 13 374 209 
374 221 374 247 
374 255 374 269 
374 274 374 276 
374 330 374 340 
374 406 374 413 
374 464 374 469 
375 12 375 209 
375 220 375 247 
375 255 375 269 
375 274 375 276 
375 330 375 340 
375 406 375 413 
375 464 375 469 
376 8 376 209 
376 219 376 247 
376 255 376 268 
376 274 376 276 
376 330 376 340 
376 406 376 413 
376 464 376 469 
377 6 377 209 
377 218 377 246 
377 254 377 268 
377 274 377 276 
377 331 377 340 
377 406 377 413 
377 465 377 470 
378 5 378 209 
378 217 378 246 
378 254 378 268 
378 274 378 276 
378 331 378 340 
378 406 378 413 
378 465 378 470 
379 4 379 209 
379 216 379 246 
379 253 379 268 
379 274 379 276 
379 331 379 340 
379 406 379 414 
379 465 379 470 
380 1 380 209 
380 216 380 246 
380 253 380 268 
380 274 380 276 
380 331 380 340 
380 406 380 414 
380 465 380 470 
381 1 381 209 
381 215 381 246 
381 253 381 268 
381 274 381 275 
381 331 381 340 
381 407 381 414 
381 465 381 470 
382 1 382 209 
382 214 382 246 
382 252 382 268 
382 274 382 275 
382 331 382 340 
382 407 382 414 
382 465 382 470 
383 1 383 209 
383 214 383 246 
383 252 383 268 
383 274 383 340 
383 407 383 414 
383 465 383 470 
384 1 384 209 
384 214 384 246 
384 252 384 268 
384 274 384 292 
384 331 384 340 
384 407 384 414 
384 465 384 470 
385 1 385 209 
385 213 385 246 
385 252 385 268 
385 274 385 292 
385 331 385 340 
385 407 385 414 
385 465 385 470 
386 1 386 246 
386 251 386 268 
386 274 386 292 
386 331 386 340 
386 407 386 414 
386 465 386 470 
387 1 387 245 
387 251 387 268 
387 274 387 292 
387 331 387 340 
387 407 387 414 
387 465 387 470 
388 1 388 245 
388 251 388 268 
388 274 388 292 
388 332 388 340 
388 407 388 414 
388 465 388 470 
389 1 389 245 
389 249 389 268 
389 274 389 292 
389 332 389 340 
389 407 389 414 
389 465 389 471 
390 1 390 245 
390 249 390 268 
390 274 390 283 
390 291 390 292 
390 332 390 340 
390 407 390 414 
390 465 390 471 
391 1 391 245 
391 249 391 268 
391 282 391 284 
391 290 391 292 
391 332 391 340 
391 407 391 414 
391 466 391 471 
392 1 392 245 
392 249 392 267 
392 281 392 285 
392 291 392 292 
392 300 392 301 
392 333 392 340 
392 407 392 414 
392 466 392 471 
393 1 393 245 
393 248 393 267 
393 281 393 285 
393 300 393 301 
393 334 393 340 
393 407 393 414 
393 466 393 471 
394 1 394 245 
394 247 394 267 
394 280 394 285 
394 300 394 302 
394 334 394 341 
394 407 394 414 
394 466 394 471 
395 1 395 267 
395 279 395 285 
395 301 395 302 
395 335 395 341 
395 407 395 415 
395 466 395 471 
396 1 396 267 
396 278 396 286 
396 301 396 302 
396 335 396 341 
396 408 396 415 
396 466 396 471 
397 1 397 267 
397 278 397 286 
397 289 397 302 
397 336 397 341 
397 408 397 415 
397 466 397 471 
398 1 398 267 
398 278 398 287 
398 289 398 302 
398 337 398 341 
398 408 398 415 
398 466 398 471 
399 1 399 267 
399 277 399 287 
399 289 399 302 
399 338 399 341 
399 408 399 415 
399 466 399 471 
400 1 400 267 
400 277 400 289 
400 301 400 302 
400 338 400 341 
400 408 400 415 
400 466 400 471 
401 1 401 267 
401 277 401 290 
401 301 401 302 
401 339 401 341 
401 408 401 415 
401 466 401 471 
402 1 402 266 
402 276 402 290 
402 295 402 302 
402 339 402 341 
402 408 402 415 
402 466 402 471 
403 1 403 266 
403 276 403 292 
403 295 403 301 
403 340 403 341 
403 408 403 415 
403 467 403 472 
404 1 404 266 
404 276 404 292 
404 295 404 301 
404 340 404 415 
404 467 404 472 
405 1 405 266 
405 276 405 292 
405 295 405 298 
405 301 405 415 
405 467 405 472 
406 1 406 266 
406 276 406 293 
406 295 406 298 
406 301 406 415 
406 467 406 472 
407 1 407 266 
407 276 407 293 
407 295 407 298 
407 301 407 415 
407 467 407 472 
408 1 408 266 
408 276 408 293 
408 295 408 301 
408 408 408 415 
408 467 408 472 
409 1 409 265 
409 275 409 295 
409 408 409 415 
409 467 409 472 
410 1 410 265 
410 275 410 295 
410 408 410 415 
410 467 410 472 
411 1 411 265 
411 274 411 295 
411 409 411 415 
411 467 411 472 
412 1 412 265 
412 274 412 294 
412 409 412 415 
412 467 412 472 
413 1 413 266 
413 273 413 294 
413 409 413 415 
413 467 413 472 
414 1 414 266 
414 273 414 294 
414 409 414 416 
414 467 414 473 
415 1 415 266 
415 273 415 294 
415 409 415 416 
415 467 415 473 
416 1 416 266 
416 273 416 292 
416 294 416 416 
416 468 416 473 
417 1 417 266 
417 273 417 292 
417 409 417 416 
417 468 417 473 
418 1 418 215 
418 218 418 266 
418 273 418 292 
418 409 418 416 
418 468 418 473 
419 1 419 215 
419 218 419 266 
419 273 419 292 
419 409 419 416 
419 468 419 473 
420 1 420 215 
420 217 420 266 
420 273 420 292 
420 409 420 416 
420 468 420 473 
421 1 421 215 
421 217 421 265 
421 272 421 292 
421 409 421 416 
421 468 421 473 
422 1 422 215 
422 217 422 265 
422 272 422 292 
422 409 422 416 
422 468 422 473 
423 1 423 265 
423 272 423 292 
423 409 423 416 
423 468 423 473 
424 1 424 265 
424 272 424 292 
424 409 424 416 
424 468 424 473 
425 1 425 212 
425 215 425 265 
425 272 425 292 
425 409 425 416 
425 468 425 473 
426 1 426 211 
426 215 426 265 
426 272 426 292 
426 294 426 295 
426 306 426 307 
426 409 426 417 
426 468 426 473 
427 1 427 211 
427 215 427 265 
427 272 427 291 
427 293 427 297 
427 300 427 307 
427 410 427 417 
427 468 427 474 
428 1 428 211 
428 215 428 265 
428 272 428 307 
428 410 428 417 
428 469 428 474 
429 1 429 211 
429 214 429 265 
429 272 429 307 
429 410 429 417 
429 469 429 474 
430 1 430 211 
430 214 430 266 
430 271 430 307 
430 410 430 417 
430 469 430 474 
431 1 431 266 
431 271 431 308 
431 410 431 417 
431 469 431 474 
432 1 432 266 
432 270 432 309 
432 410 432 417 
432 469 432 474 
433 1 433 266 
433 270 433 310 
433 410 433 417 
433 469 433 474 
434 1 434 208 
434 210 434 266 
434 270 434 310 
434 410 434 417 
434 469 434 474 
435 1 435 208 
435 210 435 266 
435 270 435 311 
435 410 435 417 
435 469 435 474 
436 1 436 266 
436 270 436 312 
436 410 436 417 
436 469 436 474 
437 1 437 266 
437 270 437 312 
437 410 437 417 
437 469 437 474 
438 1 438 266 
438 270 438 312 
438 410 438 417 
438 469 438 474 
439 1 439 266 
439 270 439 312 
439 410 439 417 
439 470 439 475 
440 1 440 266 
440 269 440 312 
440 321 440 417 
440 470 440 475 
441 1 441 266 
441 269 441 313 
441 321 441 332 
441 334 441 417 
441 470 441 475 
442 1 442 266 
442 269 442 313 
442 321 442 332 
442 334 442 418 
442 470 442 475 
443 1 443 266 
443 269 443 313 
443 321 443 332 
443 334 443 418 
443 470 443 475 
444 1 444 267 
444 269 444 313 
444 321 444 332 
444 334 444 418 
444 470 444 475 
445 1 445 314 
445 321 445 332 
445 334 445 418 
445 470 445 475 
446 1 446 315 
446 331 446 332 
446 334 446 418 
446 470 446 475 
447 1 447 316 
447 323 447 332 
447 411 447 418 
447 470 447 475 
448 1 448 231 
448 233 448 316 
448 323 448 324 
448 331 448 332 
448 411 448 418 
448 470 448 475 
449 1 449 231 
449 234 449 317 
449 323 449 324 
449 330 449 332 
449 411 449 418 
449 470 449 475 
450 1 450 229 
450 234 450 317 
450 323 450 324 
450 330 450 332 
450 411 450 418 
450 470 450 476 
451 1 451 229 
451 234 451 317 
451 323 451 325 
451 330 451 332 
451 411 451 418 
451 470 451 476 
452 1 452 229 
452 234 452 318 
452 323 452 325 
452 327 452 332 
452 411 452 418 
452 471 452 476 
453 1 453 229 
453 234 453 318 
453 323 453 332 
453 411 453 418 
453 471 453 476 
454 1 454 229 
454 234 454 318 
454 323 454 332 
454 411 454 418 
454 471 454 476 
455 1 455 229 
455 234 455 318 
455 323 455 331 
455 412 455 418 
455 471 455 476 
456 1 456 229 
456 234 456 319 
456 325 456 331 
456 412 456 418 
456 471 456 476 
457 1 457 229 
457 234 457 319 
457 325 457 330 
457 412 457 418 
457 471 457 476 
458 1 458 228 
458 234 458 319 
458 325 458 330 
458 412 458 418 
458 471 458 476 
459 1 459 228 
459 234 459 319 
459 324 459 330 
459 339 459 342 
459 412 459 419 
459 471 459 476 
460 1 460 228 
460 234 460 319 
460 324 460 330 
460 339 460 342 
460 412 460 419 
460 471 460 476 
461 1 461 228 
461 234 461 319 
461 324 461 330 
461 339 461 342 
461 412 461 419 
461 471 461 476 
462 1 462 228 
462 234 462 319 
462 323 462 330 
462 339 462 342 
462 412 462 419 
462 471 462 477 
463 1 463 228 
463 234 463 331 
463 339 463 342 
463 412 463 419 
463 471 463 477 
464 1 464 228 
464 234 464 331 
464 339 464 342 
464 412 464 419 
464 471 464 477 
465 1 465 228 
465 233 465 332 
465 339 465 342 
465 412 465 419 
465 471 465 477 
466 1 466 228 
466 233 466 332 
466 339 466 342 
466 412 466 419 
466 472 466 477 
467 1 467 225 
467 227 467 332 
467 341 467 342 
467 412 467 419 
467 472 467 477 
468 1 468 225 
468 232 468 332 
468 341 468 342 
468 412 468 419 
468 472 468 477 
469 1 469 225 
469 232 469 332 
469 412 469 419 
469 472 469 478 
470 1 470 225 
470 232 470 332 
470 412 470 419 
470 472 470 478 
471 1 471 225 
471 232 471 332 
471 412 471 419 
471 472 471 478 
471 495 471 499 
496 1 496 220 
496 227 496 348 
496 398 496 489 
497 1 497 220 
497 227 497 348 
497 398 497 486 
498 1 498 220 
498 227 498 348 
498 398 498 485 
499 1 499 220 
499 227 499 348 
499 398 499 485 
